-3.6e-09
-1.1e-09
-8.7e-10
-2.5e-09
-1.3e-09
-5.1e-09
-2.3e-09
-2.7e-09
-1.2e-09
-1.4e-09
-5.1e-10
-6.8e-09
-1.2e-09
-5.9e-09
-8.9e-10
-4.6e-09
-2.5e-09
-7.0e-09
-1.6e-10
-3.0e-09
-5.9e-11
-1.1e-09
-3.6e-09
-9.1e-10
-1.3e-09
-8.6e-10
-8.0e-09
-7.4e-09
-2.9e-09
-9.3e-09
-6.2e-09
-2.8e-09
-1.1e-09
-5.5e-09
-1.1e-09
-1.8e-10
-4.8e-10
-7.0e-09
-4.3e-09
-2.8e-09
-5.8e-09
-1.6e-09
-1.3e-09
-2.9e-10
-4.6e-10
-1.9e-09
-1.4e-10
-1.5e-10
-1.3e-09
-3.9e-09
-6.1e-09
-2.8e-10
-4.3e-10
-1.1e-11
-9.9e-09
-2.8e-09
-1.7e-09
-3.5e-09
-7.7e-09
-2.0e-09
-1.6e-09
-4.6e-09
-6.1e-10
-7.3e-10
-1.3e-10
-3.4e-09
-9.4e-10
-9.3e-09
-2.6e-10
-5.8e-10
-2.0e-09
-3.9e-10
-4.6e-09
-2.2e-09
-5.4e-09
-1.3e-09
-2.8e-09
-9.3e-10
-1.1e-09
-1.2e-09
-8.9e-09
-8.0e-10
-5.7e-10
-3.1e-09
-5.8e-10
-8.5e-09
-3.6e-09
-3.3e-10
-4.8e-09
-3.0e-10
-1.8e-09
-5.9e-09
-2.9e-10
-7.0e-09
-1.1e-09
-1.4e-09
-1.1e-09
-9.2e-10
-6.7e-10
-2.7e-09
-5.9e-09
-1.9e-10
-3.1e-09
-8.4e-10
-1.2e-10
-1.7e-09
-5.2e-09
-3.5e-09
-5.6e-09
-3.9e-09
-9.6e-09
-5.5e-10
-4.1e-09
-7.3e-09
-2.3e-09
-2.1e-09
-9.6e-10
-4.5e-11
-1.6e-09
-3.3e-09
-1.7e-11
-3.0e-10
-2.2e-09
-1.6e-09
-2.1e-09
-5.8e-09
-1.5e-09
-3.9e-10
-6.0e-11
-1.5e-09
-9.2e-09
-1.4e-09
-2.1e-09
-2.1e-09
-1.7e-09
-1.6e-09
-2.7e-10
-3.9e-09
-2.6e-09
-2.3e-09
-2.1e-10
-3.3e-09
-7.0e-10
-3.3e-09
-3.6e-10
-1.2e-09
-9.0e-10
-1.7e-09
-1.4e-10
-1.9e-12
-3.0e-09
-7.9e-12
-8.7e-10
-5.5e-09
-5.3e-11
-5.2e-09
-1.7e-10
-1.6e-09
-4.5e-09
-7.1e-10
-9.5e-09
-9.4e-10
-1.9e-09
-4.8e-10
-8.1e-09
-1.0e-09
-5.0e-09
-1.8e-09
-1.4e-09
-3.5e-09
-1.5e-09
-4.0e-09
-3.9e-09
-4.9e-09
-2.8e-10
-1.8e-09
-3.3e-09
-3.8e-09
-6.5e-09
-7.0e-10
-2.7e-09
-1.3e-09
-1.0e-09
-2.9e-09
-2.2e-09
-2.9e-09
-8.5e-09
-6.4e-09
-7.6e-10
-2.1e-09
-2.5e-09
-5.1e-10
-2.4e-09
-2.0e-09
-1.6e-10
-8.5e-09
-5.5e-10
-3.6e-11
-9.4e-09
-7.7e-09
-9.6e-10
-4.1e-10
-6.9e-09
-5.7e-09
-8.5e-09
-1.5e-09
-1.1e-10
-3.8e-10
-1.3e-09
-7.1e-10
-1.9e-09
-1.2e-09
-3.9e-09
-4.8e-10
-3.7e-09
-3.1e-09
-6.7e-09
-6.0e-09
-7.4e-09
-1.1e-09
-4.5e-09
-7.6e-10
-1.3e-10
-3.7e-09
-8.5e-09
-8.3e-11
-1.3e-09
-1.9e-09
-4.3e-09
-4.6e-09
-8.0e-09
-2.0e-09
-1.8e-10
-3.3e-09
-9.0e-10
-3.0e-09
-7.6e-10
-1.4e-09
-1.6e-09
-3.8e-11
-2.0e-09
-2.8e-09
-2.9e-09
-6.0e-10
-3.5e-09
-3.0e-09
-2.5e-09
-5.1e-09
-9.7e-10
-8.9e-09
-5.1e-09
-3.5e-10
-1.9e-10
-6.7e-10
-5.8e-10
-1.4e-09
-1.2e-09
-4.5e-10
-8.2e-10
-9.0e-10
-3.6e-09
-7.7e-09
-1.8e-09
-1.4e-09
-5.4e-09
-3.6e-10
-9.9e-09
-6.1e-09
-4.8e-09
-2.5e-10
-1.0e-08
-1.0e-09
-8.4e-09
-1.7e-09
-8.2e-09
-9.8e-09
-5.8e-09
-5.7e-10
-5.0e-10
-5.1e-10
-1.0e-08
-1.0e-08
9.2e-01
-7.6e-11
1.6e+00
-3.8e-09
-1.2e-09
-2.9e-09
-3.7e-09
-1.1e-09
-4.2e-10
-1.9e-09
9.5e-01
-4.5e-10
-1.0e-08
-1.0e-08
-1.0e-08
-2.3e-09
-1.2e-09
-9.2e-09
-3.9e-09
-3.4e-09
-2.5e-09
-7.5e-09
-7.4e-09
-7.0e-10
-1.0e-08
-4.0e-09
-1.4e-09
-4.6e-10
-2.4e-09
-4.3e-10
8.7e+00
-4.6e-10
-1.3e-09
-1.3e-09
-7.3e-10
1.1e+01
-3.9e-09
-1.9e-09
-5.4e-09
-1.0e-08
-7.8e-09
-1.0e-08
-4.1e-09
-1.0e-08
-1.0e-08
-2.0e-09
-1.0e-08
-1.0e-08
-3.9e-09
-4.2e-09
-1.0e-08
-1.0e-08
-1.0e-08
4.9e+00
-1.2e-09
-1.0e-08
-5.2e-09
-3.5e-09
-2.0e-09
-4.1e-09
-5.1e-11
-1.0e-08
-7.2e-09
-6.3e-09
-3.7e-09
-1.0e-08
-1.0e-08
1.4e+00
-1.0e-08
-9.4e-09
-1.1e-09
-7.1e-12
-1.0e-08
-5.0e-09
-1.7e-09
-1.0e-08
-2.2e-09
-1.0e-08
-7.0e-09
-1.9e-10
1.8e+00
-8.6e-09
-8.6e-09
-1.0e-08
-2.1e-09
-4.8e-09
-6.3e-10
-9.2e-09
-1.0e-08
4.8e+00
-2.3e-09
-2.9e-10
-1.0e-08
-1.9e-09
-1.0e-08
-1.0e-08
-7.7e-09
-1.5e-09
-4.8e-09
-5.1e-10
-4.8e-09
-1.2e-09
-2.2e-09
-6.3e-09
-3.4e-09
-4.1e-09
-1.0e-08
2.1e+00
6.9e+00
-1.0e-08
-6.9e-09
-9.7e-09
-1.0e-08
-7.7e-09
-5.4e-09
-2.2e-10
1.5e+00
-5.8e-10
-1.2e-09
-1.0e-08
-5.7e-10
-1.0e-08
-6.5e-10
-3.4e-10
-5.2e-09
-5.3e-09
-3.4e-09
-1.0e-08
-8.2e-09
-1.8e-09
-6.8e-09
-2.4e-09
-4.6e-09
-1.7e-10
-3.8e-09
-1.5e-10
-1.0e-08
-1.0e-08
-9.1e-09
-2.1e-09
-1.6e-09
-3.6e-09
-8.7e-09
-2.9e-09
-1.0e-08
-1.1e-10
-1.0e-08
-3.8e-09
-9.6e-09
-1.9e-09
-1.0e-08
-4.5e-10
-1.0e-08
-4.5e-09
-2.0e-09
-1.9e-10
-4.1e-09
-1.0e-08
-3.9e-10
-4.0e-09
-5.1e-10
-9.8e-09
-3.7e-09
-5.8e-09
6.8e-01
-1.0e-08
-1.0e-08
-4.0e-09
-2.4e-09
-2.0e-09
-1.0e-08
-1.1e-10
-2.7e-09
-6.9e-10
-1.0e-08
-1.6e-10
-1.0e-08
-4.3e-10
-2.6e-11
-1.7e-09
-1.0e-08
-2.9e-09
-3.3e-09
1.4e+01
-3.5e-09
-1.8e-09
1.3e+01
-4.6e-11
1.2e+00
-3.6e-09
-1.0e-08
-7.8e-09
1.4e+01
-1.0e-08
1.3e+01
-3.6e-09
-2.9e-09
-1.8e-09
-1.9e-10
-1.0e-08
-6.2e-10
-4.3e-09
-5.4e-10
-2.8e-09
5.2e-01
-4.5e-09
-1.0e-08
-1.0e-08
-1.0e-08
-1.0e-08
-1.0e-08
-1.0e-08
2.4e-01
-1.0e-08
-8.7e-09
-1.0e-08
-3.6e-09
-5.1e-09
-1.0e-08
-7.7e-09
-3.6e-09
-9.4e-10
-1.0e-10
-1.1e-09
-2.5e-11
-1.6e-09
-6.8e-09
-3.5e-09
-1.1e-09
-1.0e-08
-1.8e-09
-8.8e-09
5.6e-01
-1.0e-09
-3.4e-09
2.2e-01
-1.0e-08
-3.6e-10
-1.0e-08
-2.6e-09
-2.9e-09
-1.0e-08
-9.9e-10
-1.0e-08
-6.8e-09
-5.0e-09
-1.6e-10
-6.9e-09
-6.8e-09
-5.8e-09
-9.2e-09
-1.1e-09
-2.3e-09
1.1e+01
-1.0e-08
-1.0e-08
-2.7e-10
-3.0e-09
-8.6e-11
-4.0e-10
-4.3e-09
-1.3e-09
-4.0e-10
-1.5e-09
-3.2e-13
-3.3e-09
-9.0e-09
-3.1e-10
-1.1e-10
-6.7e-09
-1.9e-09
-4.4e-09
-9.1e-09
-4.7e-09
-4.9e-09
-2.8e-11
-6.0e-09
-2.9e-11
-5.9e-09
-2.5e-09
-5.4e-09
-1.7e-09
-4.4e-09
-6.6e-10
-4.3e-09
-6.0e-09
-6.6e-09
5.2e-01
-7.2e-09
-9.4e-10
-1.6e-09
-1.2e-10
-5.0e-10
-3.3e-10
-1.4e-09
2.0e+01
-1.7e-10
-3.3e-09
-1.3e-09
-1.3e-11
-7.1e-09
-1.3e-10
-1.5e-10
-1.5e-09
-2.7e-09
-7.8e-09
-6.8e-09
-2.1e-11
-3.6e-10
-7.9e-09
-1.4e-09
-2.1e-09
-2.7e-09
-5.1e-10
-8.3e-09
-4.9e-09
-1.6e-09
-2.1e-09
-3.9e-09
-1.5e-09
4.7e+00
-1.1e-09
-3.0e-09
-4.0e-09
-8.8e-09
2.1e+00
-4.0e-10
-5.7e-11
-1.0e-10
-1.2e-10
-2.1e-10
-1.0e-10
-5.3e-09
-1.1e-10
-1.5e-09
-3.6e-10
-1.5e-09
-8.2e-09
-9.2e-10
-6.9e-10
-3.8e-11
-5.6e-10
-1.3e-10
-1.5e-10
-9.1e-10
-8.8e-10
-7.1e-10
-1.7e-09
-4.9e-09
-4.2e-10
-1.2e-11
-6.4e-11
-4.6e-09
-2.5e-09
-3.5e-09
-1.5e-11
-8.3e-09
-9.6e-12
-3.4e-09
-3.9e-09
-1.4e-10
1.7e+00
-8.2e-09
-5.1e-11
4.5e+01
-2.5e-09
-4.9e-09
-7.1e-11
1.7e-01
-7.9e-10
-2.7e-09
-4.2e-09
-6.3e-09
-3.2e-09
-4.4e-09
-1.4e-09
-2.7e-09
-3.1e-10
-3.0e-10
-1.4e-09
-1.6e-10
-2.1e-09
-7.2e-11
-6.3e-09
-3.3e-09
-6.8e-09
-4.1e-10
2.3e-01
-1.3e-10
-3.9e-09
-4.8e-09
-3.0e-10
-2.0e-09
2.6e-01
-1.7e-09
-1.4e-10
-3.4e-09
-3.7e-09
-3.1e-10
-1.5e-10
-8.3e-10
-6.5e-09
-1.7e-10
-3.4e-10
-5.8e-09
-6.1e-10
-3.0e-09
-7.1e-09
-7.8e-10
-2.5e-09
7.3e-02
-5.3e-09
-1.7e-10
-1.1e-09
-6.2e-09
-1.4e-09
-3.3e-09
-5.8e-10
-9.3e-09
-3.8e-10
-5.4e-09
-4.6e-10
-1.8e-09
-4.9e-10
-7.7e-10
-1.2e-09
2.8e+00
4.7e-02
-4.9e-10
7.6e+01
-1.0e-09
-2.7e-09
-1.2e-10
-5.2e-10
-1.8e-09
-5.4e-11
-2.8e-09
-8.0e-09
-3.3e-09
-9.3e-09
-7.4e-12
-2.8e-10
-5.2e-09
-1.5e-09
-4.7e-11
4.6e-01
-1.9e-09
-4.7e-09
4.9e-01
-4.9e-10
-6.0e-09
-4.1e-10
-1.8e-10
-1.7e-09
-9.3e-09
-2.7e-09
-2.4e-09
-2.3e-09
-9.7e-09
-9.9e-09
-5.1e-09
-8.0e-11
-1.1e-10
-5.7e-10
-5.1e-09
-3.7e-09
-6.1e-10
-7.4e-11
-1.1e-10
-2.6e-11
-1.1e-09
-9.7e-10
-1.6e-10
-5.3e-11
-6.6e-09
-3.8e-10
-6.0e-09
-4.1e-09
6.3e-02
-2.0e-09
-3.3e-10
-6.6e-09
-2.7e-10
-1.0e-09
-2.9e-09
-2.8e-09
-1.6e-10
-6.1e-09
-1.7e-11
-8.7e-09
-2.8e-10
-4.2e-10
-7.9e-10
-2.5e-10
-2.1e-09
-1.9e-10
1.3e+00
-2.2e-11
-9.4e-10
-6.6e-09
-2.1e-09
-3.7e-10
-4.3e-09
-5.7e-10
-5.3e-09
-4.2e-10
-6.4e-09
-1.4e-09
-3.3e-09
-8.9e-09
-5.0e-09
-3.6e-09
-3.4e-09
-6.1e-11
-5.4e-09
-1.6e-09
-3.6e-09
-6.5e-11
-4.8e-09
-9.7e-09
-6.7e-09
-9.3e-10
-7.6e-10
-1.2e-09
-1.1e-09
-1.5e-09
-3.8e-10
-1.5e-09
6.7e-02
-7.7e-12
-1.4e-09
1.7e-01
2.6e-06
-4.3e-09
4.0e+00
-2.0e-11
-9.0e-09
2.1e-02
-6.1e-10
-8.1e-09
-8.6e-09
7.0e+00
-1.1e-11
1.2e-02
4.0e+00
-4.7e-09
-3.8e-09
8.0e-03
9.9e-01
1.6e+00
-5.5e-09
1.4e+01
-7.3e-09
-3.6e-09
2.1e-02
-3.2e-10
3.8e-01
-2.7e-09
9.9e-01
8.4e+00
7.2e-01
-6.6e-09
9.4e+00
-2.6e-09
2.1e-06
1.1e+01
-4.3e-09
9.8e-03
-2.4e-09
-1.2e-11
-4.8e-10
-8.5e-10
3.4e-06
-1.7e-09
1.0e+01
-7.9e-09
-3.1e-10
-8.2e-09
-6.0e-09
3.2e+01
2.8e-06
-5.6e-10
9.0e+00
-3.4e-09
-3.2e-09
-2.0e-09
4.3e-01
-8.6e-09
8.9e-01
4.0e+00
1.3e-01
-1.7e-09
-2.1e-09
-1.3e-09
-1.7e-09
-4.6e-09
-7.6e-10
-2.7e-09
-3.9e-09
9.9e-01
2.8e+01
-8.5e-12
-6.6e-09
2.1e+00
-2.9e-09
-2.7e-09
3.6e+00
-6.6e-09
-8.4e-10
-5.7e-10
5.9e+00
1.8e+00
1.0e+00
-9.8e-12
-1.5e-09
3.0e+00
-9.3e-11
-7.6e-11
9.9e-01
-1.9e-09
-5.8e-10
-1.1e-10
-1.4e-11
-8.7e-09
-4.2e-12
-3.5e-09
-7.2e-09
-2.5e-11
3.1e+00
9.0e+00
-7.4e-10
8.9e+00
1.0e+01
-3.2e-09
-6.5e-09
-2.1e-09
-2.0e-10
9.7e+00
5.1e-06
-1.0e-09
2.7e-04
1.4e+00
-7.3e-09
1.0e+01
5.5e+00
-5.4e-11
-7.3e-09
2.1e-03
3.8e-06
7.0e+00
-9.7e-09
8.1e-08
-1.4e-09
-9.6e-09
-1.3e-10
-6.6e-09
-1.7e-09
-5.0e-09
3.6e-06
5.0e+00
-6.0e-11
8.5e+00
5.8e+00
-9.7e-10
-1.8e-09
7.4e-03
9.0e+00
3.3e-08
5.7e-04
7.2e-01
-1.7e-09
-1.5e-09
3.0e+00
-2.8e-09
3.6e-07
1.7e-02
-5.8e-09
-2.9e-09
-5.4e-09
-8.3e-10
6.8e-02
4.0e-06
-9.5e-11
2.9e-06
3.0e+00
-3.8e-09
-5.4e-11
-2.1e-09
-7.0e-10
3.0e+00
-2.9e-11
4.1e-06
2.9e+01
-7.5e-10
-1.7e-09
9.9e-01
-1.6e-10
3.3e+01
-3.6e-09
-8.6e-09
-6.2e-10
9.9e-01
-4.3e-10
4.6e+00
-2.2e-09
-1.5e-11
4.0e+00
1.6e-07
1.1e-01
-5.3e-09
-7.6e-11
5.0e+00
-1.2e-10
-4.7e-09
1.3e+01
-7.3e-09
-1.4e-09
-9.4e-11
-1.9e-09
9.5e+00
1.4e-05
-9.7e-11
-8.1e-10
-2.4e-09
2.0e+00
2.0e+00
-5.3e-09
1.0e+01
-4.6e-09
-8.8e-09
-6.0e-10
-4.6e-10
-2.0e-09
3.8e+01
-6.5e-10
-1.3e-13
-4.3e-09
-2.7e-09
-3.7e-09
1.0e+01
9.4e-01
-4.4e-10
2.9e-06
9.9e-01
-4.3e-09
-3.5e-09
2.6e+00
3.3e+01
9.8e+00
-2.3e-09
8.7e+00
3.3e+01
-9.0e-10
-5.8e-09
-1.4e-09
-4.4e-09
1.0e-02
9.9e-01
-7.5e-09
5.0e-02
-6.4e-09
7.0e+00
-3.3e-10
-6.0e-09
-1.4e-09
8.7e-06
9.9e-01
1.5e-05
3.5e+00
-3.2e-09
-5.4e-09
-1.5e-09
-1.3e-09
2.0e+00
2.7e+01
-2.6e-10
1.0e+00
3.3e-06
3.8e+00
-3.3e-09
-7.5e-09
2.4e-07
5.7e+00
-1.5e-10
-2.7e-09
1.1e-06
-9.0e-09
2.4e-07
2.6e-08
3.5e+00
-5.9e-09
-8.3e-09
-3.7e-09
-9.9e-09
-5.9e-10
6.1e-09
-5.0e-09
2.0e-07
-7.0e-09
-3.3e-09
-5.2e-09
-7.4e-09
4.4e-03
1.6e-02
1.2e-04
1.8e-01
1.1e+00
-1.8e-09
-2.0e-09
1.3e-03
-5.6e-10
-1.4e-09
-6.3e-10
2.0e+00
-6.8e-09
4.1e-04
4.0e-01
-4.9e-09
-5.3e-09
3.5e-02
-9.1e-09
-5.4e-09
3.0e-01
-5.5e-09
-1.2e-09
-3.8e-10
-3.2e-10
1.2e-01
-2.4e-09
-4.9e-09
1.7e+00
1.3e-01
-1.7e-09
5.9e-02
-3.2e-09
8.9e-01
1.0e-02
3.8e-01
-9.1e-09
-2.7e-09
1.4e-06
-2.9e-09
-3.7e-09
-2.7e-09
5.5e-02
7.3e-09
-3.9e-09
-9.1e-10
-9.3e-10
6.1e-04
1.4e-06
-4.1e-09
-9.1e-11
-2.1e-09
-2.4e-10
-8.1e-10
-9.5e-10
-7.7e-10
-5.3e-09
3.4e-06
1.5e-01
-2.9e-10
-2.8e-09
6.1e-02
9.4e-01
5.9e-02
5.1e-01
-4.4e-09
1.3e-01
-3.3e-09
-8.5e-09
-1.1e-10
1.3e+00
5.9e-02
-4.1e-09
-4.1e-09
-4.7e-09
-1.6e-09
-3.3e-09
-1.4e-09
-3.1e-11
-2.1e-09
-3.6e-10
-2.3e-09
8.5e-04
4.0e-01
1.9e-03
-8.5e-09
3.3e-05
-2.2e-09
3.1e-06
-1.9e-09
-9.7e-10
2.3e-01
3.1e-03
1.3e-02
-2.2e-09
-1.3e-09
1.2e-04
-2.5e-09
-4.3e-09
1.7e-01
-3.9e-09
7.1e-02
1.2e-01
1.4e-06
1.1e-01
-1.8e-09
2.6e-01
-6.4e-10
-3.7e-09
-1.4e-09
-2.7e-09
7.9e-03
-8.2e-10
2.0e+00
-3.7e-09
-1.9e-10
-5.3e-09
1.0e-08
-6.3e-09
-6.2e-10
9.0e-01
2.2e+00
-4.3e-09
-2.8e-09
-7.1e-09
-3.8e-09
-2.7e-09
-4.3e-09
-5.4e-09
6.2e-01
-1.1e-09
-6.1e-09
-1.7e-09
3.8e-01
-6.9e-09
-1.1e-09
-4.9e-09
1.2e-04
-8.5e-10
1.4e-06
3.9e-01
8.1e-02
-2.4e-10
1.8e-01
1.6e-08
-5.3e-09
-7.3e-09
1.2e+00
1.9e-01
4.8e-01
1.1e-01
-2.9e-09
-3.4e-10
-6.1e-09
-6.0e-09
1.1e-01
2.2e-01
7.9e-02
-2.3e-09
1.1e-05
-1.4e-09
-3.2e-09
4.1e-02
1.4e+00
-7.2e-10
3.8e-01
5.7e-01
-2.2e-09
-7.5e-10
7.0e-04
-3.6e-10
-5.1e-09
-2.4e-09
-6.8e-11
1.1e-04
-6.2e-09
7.6e-04
-1.9e-09
-4.1e-09
-4.7e-09
1.3e-01
-2.8e-09
-2.3e-10
2.4e+00
-4.4e-09
-5.9e-09
4.0e-02
-3.4e-10
-9.7e-10
-2.8e-09
-9.7e-09
1.8e-01
-1.5e-09
5.6e-06
1.1e-01
-2.2e-09
-5.6e-09
1.6e+00
-3.8e-09
-3.5e-09
-6.1e-09
-8.3e-09
2.1e-02
7.7e-05
-4.8e-09
1.6e-02
9.7e-02
7.0e-08
-4.6e-11
3.4e-07
1.8e-04
2.1e+00
2.4e-02
2.2e-02
3.5e-01
-6.8e-09
-6.0e-10
3.4e-07
1.8e-01
8.1e-04
-8.9e-09
-2.5e-09
5.9e-01
-6.5e-10
1.1e+00
1.6e-02
1.8e-01
-1.1e-09
-4.2e-10
-2.0e-10
-1.0e-09
6.3e-04
-8.1e-09
6.7e-02
7.9e-03
-2.5e-09
-7.2e-09
-2.4e-09
-1.4e-09
2.9e-01
-1.8e-10
-1.8e-09
2.4e-04
2.8e-01
5.2e-03
2.9e-02
-2.2e-09
-2.1e-09
-7.1e-10
-2.3e-09
-4.3e-09
4.7e-04
-2.8e-10
6.5e-02
3.5e-01
1.1e-03
3.5e-01
7.6e-05
-1.4e-09
-2.3e-09
4.9e-05
-9.1e-09
-3.4e-09
1.1e+00
-1.1e-09
-4.4e-10
-5.2e-09
6.9e-01
2.6e-01
-7.8e-10
8.0e-01
-9.1e-09
-3.2e-09
6.9e-01
-6.9e-10
3.6e-01
-1.6e-09
3.2e-01
-7.9e-09
2.6e+00
6.8e-01
-5.8e-11
-9.6e-09
8.0e+01
-3.7e-10
-9.4e-09
-2.4e-09
5.9e+00
7.7e-04
-2.1e-10
-3.2e-09
6.9e-01
3.6e+01
1.7e+01
-9.6e-09
-2.2e-09
-3.2e-09
-8.0e-10
1.3e-02
5.8e+00
6.9e-01
-7.3e-09
-1.4e-09
3.1e-01
-6.8e-10
-3.4e-09
-5.6e-09
-2.1e-09
6.9e-01
4.4e-01
8.8e+01
-7.1e-09
-8.0e-09
7.3e+00
8.8e-01
2.0e+00
-1.1e-09
-1.8e-09
1.1e-06
-9.6e-09
3.4e+01
1.4e+01
7.1e-01
-8.4e-09
-7.9e-09
2.0e+00
-9.9e-09
-1.6e-09
-6.0e-09
-3.8e-09
-8.0e-09
-7.7e-09
-3.8e-09
6.7e+00
-6.3e-09
-5.8e-09
-6.0e-09
-6.3e-09
-9.3e-09
-2.6e-09
1.1e-01
4.6e-01
1.0e-01
-6.8e-09
-1.4e-09
5.9e+00
6.0e-01
2.6e-01
-7.1e-09
7.3e+00
-9.6e-09
-5.7e-09
5.8e+00
2.0e+00
1.3e+01
-6.7e-09
1.4e-01
-4.4e-09
-1.4e-09
5.5e+00
-3.5e-10
-1.9e-09
5.3e+00
-9.9e-09
3.7e-01
6.9e-01
8.8e+01
-2.1e-09
-3.7e-09
8.0e-01
1.7e-01
-3.4e-09
-7.6e-09
-8.4e-09
-7.1e-09
-8.0e-09
2.4e-02
-7.0e-09
-1.3e-09
1.3e+01
-1.2e-09
3.3e-01
-1.7e-10
-4.9e-09
-3.6e-10
1.4e-01
-8.9e-09
3.6e-08
3.3e+01
6.9e-01
-1.5e-09
-2.0e-09
-1.5e-09
-6.7e-10
-9.4e-09
-4.6e-09
-2.7e-09
1.1e+00
9.1e-01
4.3e-01
1.2e+00
-1.2e-09
6.9e-01
2.8e+01
5.5e+00
6.9e-01
-6.5e-10
-1.1e-09
-9.6e-09
-3.9e-09
5.6e+00
-7.5e-09
-2.4e-09
-9.9e-09
-9.8e-09
-1.6e-09
-1.5e-09
1.3e+01
2.0e+00
3.3e+01
9.0e-01
5.6e-01
5.2e-01
3.1e+01
3.3e+01
-3.1e-09
-8.2e-09
3.4e+00
-7.1e-10
-6.6e-09
-7.6e-09
-5.6e-09
-4.6e-09
-3.9e-09
-6.2e-10
1.5e+01
-9.9e-09
-3.1e-09
-3.4e-09
-6.9e-09
-9.2e-10
-1.7e-09
4.4e-02
-2.4e-09
7.3e+00
-5.6e-09
3.5e-07
-5.4e-10
-6.0e-09
-5.9e-10
8.7e-01
5.2e+00
6.9e-01
-5.5e-09
-5.7e-09
-7.6e-10
-7.8e-09
2.0e+00
1.6e+01
-7.2e-09
9.2e-02
-9.8e-10
-7.5e-10
3.7e-01
-7.4e-09
6.5e-02
4.4e-01
5.9e+00
5.5e+00
-1.1e-09
7.9e+01
6.9e-01
-6.7e-09
2.0e+00
2.6e+00
-2.0e-09
1.3e+01
-2.0e-09
7.1e+01
-2.3e-09
-9.3e-09
2.0e-01
-4.2e-09
2.1e-01
1.2e+01
8.4e+01
2.9e-01
-3.0e-09
4.7e-01
8.2e-02
3.5e-02
2.9e-01
2.8e-01
1.2e+01
8.0e-01
3.1e+01
2.6e+00
2.7e-02
5.5e-01
-1.7e-09
5.5e+00
-5.6e-09
6.9e-01
2.9e+01
7.3e+01
9.2e-01
-5.1e-10
5.1e+00
2.0e+00
2.0e+00
2.8e-01
-2.5e-09
1.0e+00
3.5e-01
4.1e-01
-9.6e-09
-7.3e-09
3.2e+01
1.3e-01
-4.4e-09
1.5e+01
-4.1e-09
-2.2e-09
-5.1e-09
-1.5e-09
1.4e+01
6.9e-01
3.4e-04
6.9e-01
-8.5e-09
-7.1e-09
1.5e-02
1.6e-01
-7.7e-09
-1.2e-09
9.3e-01
