118
172
298
243
260
205
139
43
82
349
77
202
344
100
75
273
322
98
131
312
267
292
22
245
136
170
29
200
137
23
14
278
169
299
194
165
319
20
272
162
189
249
293
211
155
9
257
193
359
5
282
330
156
332
92
204
57
122
94
297
34
321
62
106
316
285
146
183
348
331
69
8
47
192
91
286
15
230
247
270
99
3
60
31
351
181
49
164
182
64
274
33
177
195
231
28
167
16
178
148
301
264
21
134
228
51
180
318
90
214
187
254
145
197
152
304
251
269
65
67
68
329
226
284
135
27
255
81
338
160
290
73
56
112
336
44
55
314
52
120
356
216
151
179
222
78
328
220
232
234
198
265
87
303
12
313
157
315
224
121
207
358
154
262
41
266
113
235
229
129
123
221
24
191
225
323
340
13
291
238
6
250
88
101
296
311
208
289
124
115
38
141
163
48
339
11
74
353
10
206
176
352
213
7
210
308
217
341
138
337
86
117
17
50
280
242
30
107
119
253
32
244
357
102
39
263
63
54
19
276
199
95
268
4
239
223
132
83
37
144
168
149
93
35
287
271
66
300
71
283
277
233
59
0
89
70
246
174
133
158
294
110
80
159
310
248
188
190
147
184
447
691
672
700
550
583
477
679
713
496
428
388
607
503
609
587
696
502
687
702
513
472
614
514
370
364
410
450
706
653
584
491
474
657
557
569
383
479
642
544
464
528
629
533
678
524
715
615
501
521
683
372
458
365
499
398
395
645
424
397
497
487
413
366
419
618
694
408
651
634
504
476
707
409
456
582
647
371
417
613
379
581
519
498
449
463
586
385
699
376
631
522
605
591
589
440
575
680
454
640
394
627
508
531
432
492
426
443
549
558
596
717
600
677
465
668
554
459
369
602
617
441
462
571
405
580
649
705
603
565
635
427
597
384
709
523
468
545
561
382
567
716
475
489
494
532
488
537
387
429
646
671
703
636
601
673
393
507
386
490
563
685
422
536
360
662
697
527
461
381
711
481
710
595
665
572
610
446
433
485
658
688
403
708
568
693
399
599
414
539
718
660
435
593
669
620
682
530
625
578
608
548
421
566
619
392
628
473
509
471
517
400
486
641
467
661
598
656
373
431
389
425
406
423
606
415
576
448
652
457
374
559
478
520
535
480
686
674
630
681
690
438
692
460
585
512
552
604
418
529
368
470
637
437
650
367
564
555
469
553
570
659
542
515
451
623
404
412
534
546
875
1062
1001
1039
782
1022
964
768
923
975
1047
750
743
731
835
997
745
961
834
985
902
945
1034
865
906
937
760
764
913
890
741
733
955
803
801
799
916
970
785
831
1048
1079
845
1050
1061
744
869
917
926
972
1076
820
1032
940
935
860
925
846
788
847
938
727
898
862
818
830
991
897
968
873
989
942
883
808
995
1040
928
802
868
721
752
867
729
791
1067
1069
967
789
792
753
1020
1052
882
1073
941
1036
1016
1046
723
879
844
843
1072
888
734
954
984
829
832
980
886
783
819
944
817
837
720
726
772
754
864
936
1057
1028
876
825
786
833
966
891
874
735
842
1038
1006
899
749
805
939
920
1054
1027
1013
909
983
1051
927
956
762
929
903
996
895
838
976
761
1021
736
948
795
993
979
746
1005
1031
962
1041
851
885
896
807
988
822
756
796
1043
950
872
751
1010
1025
824
963
969
758
947
1066
893
933
765
892
877
738
1042
856
949
812
811
959
848
728
826
900
952
793
1064
994
1000
790
884
965
806
1055
951
1059
1063
763
1037
915
919
887
767
973
841
804
813
1044
953
855
924
1068
914
863
798
999
878
814
881
889
880
815
742
1018
1007
1009
854
921
1003
990
1011
770
725
828
943
957
987
853
998
857
1074
918
810
1008
787
1033
800
774
724
1030
776
1385
1237
1173
1162
1253
1207
1319
1152
1268
1388
1139
1171
1358
1432
1145
1160
1314
1177
1085
1392
1292
1399
1187
1325
1181
1095
1393
1275
1166
1202
1293
1427
1404
1198
1436
1087
1252
1428
1371
1383
1265
1143
1099
1133
1254
1190
1438
1083
1378
1086
1097
1336
1255
1137
1328
1289
1113
1366
1164
1379
1403
1316
1382
1208
1227
1229
1126
1212
1357
1359
1203
1303
1345
1149
1362
1397
1278
1352
1411
1272
1082
1128
1429
1409
1155
1140
1223
1318
1216
1226
1299
1175
1111
1153
1150
1176
1148
1276
1262
1141
1416
1322
1117
1435
1439
1108
1081
1101
1205
1431
1257
1131
1157
1395
1107
1334
1412
1196
1365
1156
1247
1323
1174
1231
1120
1364
1134
1209
1222
1225
1251
1306
1132
1433
1410
1224
1353
1380
1330
1239
1163
1406
1109
1102
1307
1270
1230
1381
1091
1204
1100
1219
1387
1250
1280
1248
1311
1197
1200
1089
1110
1309
1232
1246
1338
1213
1103
1298
1146
1349
1098
1193
1125
1304
1351
1413
1369
1206
1310
1242
1384
1368
1142
1312
1220
1264
1326
1195
1123
1147
1105
1321
1291
1244
1189
1194
1305
1300
1188
1327
1112
1283
1360
1138
1210
1344
1136
1233
1269
1288
1367
1333
1396
1130
1256
1296
1184
1355
1417
1335
1425
1170
1320
1340
1290
1279
1178
1104
1390
1295
1273
1168
1373
1332
1218
1374
1115
1297
1294
1159
1420
1122
1263
1088
1114
1301
1348
1186
1401
1259
1423
1124
1277
1236
1165
1228
1092
1249
1084
1243
1235
1421
1185
1172
1354
1350
1096
1234
1286
1238
1456
1757
1649
1468
1593
1628
1516
1676
1682
1562
1639
1524
1470
1490
1746
1707
1648
1517
1786
1647
1644
1617
1631
1474
1788
1448
1478
1486
1481
1667
1471
1723
1704
1671
1749
1778
1553
1693
1613
1792
1632
1646
1494
1539
1720
1559
1652
1501
1457
1630
1541
1590
1586
1533
1472
1721
1558
1547
1576
1567
1730
1583
1668
1489
1476
1619
1686
1771
1685
1557
1665
1736
1731
1555
1695
1777
1495
1460
1622
1643
1714
1738
1758
1482
1752
1621
1591
1787
1529
1445
1589
1531
1512
1564
1534
1616
1595
1660
1624
1488
1519
1544
1556
1678
1759
1670
1782
1587
1672
1442
1666
1582
1768
1560
1485
1662
1763
1698
1761
1748
1724
1503
1458
1581
1681
1702
1538
1496
1727
1530
1540
1732
1454
1691
1734
1542
1753
1795
1623
1513
1715
1523
1552
1588
1688
1610
1475
1776
1508
1546
1633
1696
1607
1690
1773
1463
1551
1751
1742
1774
1605
1656
1716
1499
1769
1452
1611
1709
1505
1785
1687
1735
1641
1492
1487
1640
1573
1578
1781
1638
1597
1464
1642
1449
1673
1584
1711
1699
1710
1548
1658
1446
1760
1484
1443
1669
1477
1775
1779
1447
1550
1701
1545
1451
1543
1620
1654
1526
1726
1626
1612
1510
1473
1511
1522
1697
1661
1657
1790
1729
1566
1507
1784
1601
1728
1636
1680
1532
1683
1645
1679
1577
1479
1572
1762
1604
1713
1659
1650
1569
1467
1498
1465
1677
1453
1571
1518
1675
1594
1663
1718
1725
1754
1480
1570
1602
1767
1614
1789
1603
1794
1521
1455
1737
1502
1634
1627
1708
1766
1536
1986
1975
2036
1893
2060
1892
1865
1963
1984
2044
2024
2027
1805
1940
2056
1848
1899
2149
1870
1988
1836
2108
1949
1883
1821
1946
2141
2120
1844
1854
1862
1884
2013
2100
1971
1812
1872
2042
1842
2004
1847
2023
1953
2051
2148
1901
1934
1979
2061
1956
2021
1807
1950
1905
2142
2115
1944
1891
2093
1942
1900
1903
1916
2079
1826
1931
1867
2114
1938
1998
1856
1908
1809
1851
2087
2045
2092
1815
1846
2129
2065
2030
1907
1978
1824
1840
2110
1976
2116
1939
2032
2091
1868
2101
1827
1980
2104
1814
2048
1880
2150
1831
2083
2063
2088
1985
1904
2082
1910
1906
2096
1828
1913
2123
1802
2034
2018
1835
1845
2015
1818
1877
2136
1954
1875
1843
1811
2094
1817
1829
1838
2106
2059
2041
1879
1873
1960
2133
2107
1864
1850
2006
1800
1890
2128
1825
1816
1841
1919
1929
1992
2117
1936
2144
2068
2040
2050
2134
2138
1837
1922
2111
2007
2080
1894
1990
1927
1863
1887
2124
1917
2090
1947
1871
1885
1911
2095
1874
1964
1898
1948
1923
1925
1830
2066
2109
1941
2073
1855
2017
1832
1977
2118
1852
2025
1849
2016
2046
2008
2086
2052
2105
2103
1858
2152
1952
1920
1974
1961
2003
2127
1995
2151
1993
1909
2028
1820
2026
2122
2156
2099
1933
2043
2085
2037
2029
2033
2126
2067
2143
1970
2010
2054
2012
2112
1918
1882
2131
2145
2064
1886
1957
1955
1973
2031
1924
2057
2047
2053
1813
1857
2130
2038
1869
1972
2001
2072
1987
2076
2125
1969
1937
1967
1834
1915
2039
2035
1928
1902
2055
